#	old_rank	structure_name	score
0	623	ranked_623.pdb_clean_haddock.pdb	-105.72662
1	585	ranked_585.pdb_clean_haddock.pdb	-104.07972
2	414	ranked_414.pdb_clean_haddock.pdb	-103.34560000000002
3	535	ranked_535.pdb_clean_haddock.pdb	-103.31085999999999
4	616	ranked_616.pdb_clean_haddock.pdb	-102.99934
5	258	ranked_258.pdb_clean_haddock.pdb	-102.93455999999999
6	769	ranked_769.pdb_clean_haddock.pdb	-101.62057999999999
7	716	ranked_716.pdb_clean_haddock.pdb	-101.60988
8	764	ranked_764.pdb_clean_haddock.pdb	-101.44812
9	387	ranked_387.pdb_clean_haddock.pdb	-101.42148
10	712	ranked_712.pdb_clean_haddock.pdb	-101.10098
11	796	ranked_796.pdb_clean_haddock.pdb	-101.07885999999999
12	850	ranked_850.pdb_clean_haddock.pdb	-100.48114
13	742	ranked_742.pdb_clean_haddock.pdb	-100.03634
14	194	ranked_194.pdb_clean_haddock.pdb	-99.8216
15	154	ranked_154.pdb_clean_haddock.pdb	-99.65979999999999
16	588	ranked_588.pdb_clean_haddock.pdb	-99.40090000000001
17	230	ranked_230.pdb_clean_haddock.pdb	-99.34103999999999
18	797	ranked_797.pdb_clean_haddock.pdb	-98.88784000000001
19	568	ranked_568.pdb_clean_haddock.pdb	-98.67848000000001
20	711	ranked_711.pdb_clean_haddock.pdb	-98.56468000000001
21	420	ranked_420.pdb_clean_haddock.pdb	-98.46776
22	710	ranked_710.pdb_clean_haddock.pdb	-98.33096
23	514	ranked_514.pdb_clean_haddock.pdb	-98.0502
24	503	ranked_503.pdb_clean_haddock.pdb	-98.01357999999999
25	699	ranked_699.pdb_clean_haddock.pdb	-97.89366
26	457	ranked_457.pdb_clean_haddock.pdb	-97.82991999999999
27	560	ranked_560.pdb_clean_haddock.pdb	-97.79198
28	498	ranked_498.pdb_clean_haddock.pdb	-97.68242000000001
29	755	ranked_755.pdb_clean_haddock.pdb	-97.45316
30	142	ranked_142.pdb_clean_haddock.pdb	-97.38932
31	540	ranked_540.pdb_clean_haddock.pdb	-97.35524000000001
32	182	ranked_182.pdb_clean_haddock.pdb	-97.22958
33	550	ranked_550.pdb_clean_haddock.pdb	-96.93145999999999
34	626	ranked_626.pdb_clean_haddock.pdb	-96.86804000000001
35	162	ranked_162.pdb_clean_haddock.pdb	-96.84032
36	708	ranked_708.pdb_clean_haddock.pdb	-96.35504
37	721	ranked_721.pdb_clean_haddock.pdb	-96.29208
38	480	ranked_480.pdb_clean_haddock.pdb	-95.8579
39	612	ranked_612.pdb_clean_haddock.pdb	-95.82066
40	735	ranked_735.pdb_clean_haddock.pdb	-95.80572
41	289	ranked_289.pdb_clean_haddock.pdb	-95.56404
42	763	ranked_763.pdb_clean_haddock.pdb	-95.24454
43	208	ranked_208.pdb_clean_haddock.pdb	-95.22712000000001
44	785	ranked_785.pdb_clean_haddock.pdb	-95.02171999999999
45	832	ranked_832.pdb_clean_haddock.pdb	-94.98967999999999
46	137	ranked_137.pdb_clean_haddock.pdb	-94.87012000000001
47	867	ranked_867.pdb_clean_haddock.pdb	-94.7907
48	747	ranked_747.pdb_clean_haddock.pdb	-94.7534
49	104	ranked_104.pdb_clean_haddock.pdb	-94.71614
50	602	ranked_602.pdb_clean_haddock.pdb	-94.69208
51	459	ranked_459.pdb_clean_haddock.pdb	-94.6027
52	843	ranked_843.pdb_clean_haddock.pdb	-94.58178000000001
53	68	ranked_68.pdb_clean_haddock.pdb	-94.29716
54	768	ranked_768.pdb_clean_haddock.pdb	-94.23238
55	717	ranked_717.pdb_clean_haddock.pdb	-94.20156
56	765	ranked_765.pdb_clean_haddock.pdb	-94.09994
57	548	ranked_548.pdb_clean_haddock.pdb	-93.89872
58	350	ranked_350.pdb_clean_haddock.pdb	-93.87432000000001
59	841	ranked_841.pdb_clean_haddock.pdb	-93.85666
60	91	ranked_91.pdb_clean_haddock.pdb	-93.83548
61	557	ranked_557.pdb_clean_haddock.pdb	-93.78896
62	23	ranked_23.pdb_clean_haddock.pdb	-93.76106
63	559	ranked_559.pdb_clean_haddock.pdb	-93.55988
64	117	ranked_117.pdb_clean_haddock.pdb	-93.54068
65	681	ranked_681.pdb_clean_haddock.pdb	-93.52716000000001
66	149	ranked_149.pdb_clean_haddock.pdb	-93.37714
67	199	ranked_199.pdb_clean_haddock.pdb	-93.23128
68	415	ranked_415.pdb_clean_haddock.pdb	-93.22024
69	532	ranked_532.pdb_clean_haddock.pdb	-93.17014
70	479	ranked_479.pdb_clean_haddock.pdb	-93.07741999999999
71	655	ranked_655.pdb_clean_haddock.pdb	-93.01464
72	720	ranked_720.pdb_clean_haddock.pdb	-93.00076
73	108	ranked_108.pdb_clean_haddock.pdb	-92.99155999999999
74	14	ranked_14.pdb_clean_haddock.pdb	-92.9236
75	538	ranked_538.pdb_clean_haddock.pdb	-92.82806
76	590	ranked_590.pdb_clean_haddock.pdb	-92.74614
77	774	ranked_774.pdb_clean_haddock.pdb	-92.44906
78	577	ranked_577.pdb_clean_haddock.pdb	-92.41852
79	791	ranked_791.pdb_clean_haddock.pdb	-92.4021
80	119	ranked_119.pdb_clean_haddock.pdb	-92.37819999999999
81	694	ranked_694.pdb_clean_haddock.pdb	-92.26646
82	410	ranked_410.pdb_clean_haddock.pdb	-92.20308
83	404	ranked_404.pdb_clean_haddock.pdb	-92.19012000000001
84	125	ranked_125.pdb_clean_haddock.pdb	-92.12268
85	172	ranked_172.pdb_clean_haddock.pdb	-92.08277999999999
86	432	ranked_432.pdb_clean_haddock.pdb	-92.03262000000001
87	684	ranked_684.pdb_clean_haddock.pdb	-91.77958
88	167	ranked_167.pdb_clean_haddock.pdb	-91.76138
89	323	ranked_323.pdb_clean_haddock.pdb	-91.6662
90	778	ranked_778.pdb_clean_haddock.pdb	-91.45966000000001
91	761	ranked_761.pdb_clean_haddock.pdb	-91.43814
92	445	ranked_445.pdb_clean_haddock.pdb	-91.43392
93	621	ranked_621.pdb_clean_haddock.pdb	-91.4183
94	596	ranked_596.pdb_clean_haddock.pdb	-91.41311999999999
95	566	ranked_566.pdb_clean_haddock.pdb	-91.31814
96	516	ranked_516.pdb_clean_haddock.pdb	-91.27420000000001
97	448	ranked_448.pdb_clean_haddock.pdb	-91.2176
98	427	ranked_427.pdb_clean_haddock.pdb	-91.20984
99	805	ranked_805.pdb_clean_haddock.pdb	-91.11634000000001
100	737	ranked_737.pdb_clean_haddock.pdb	-91.06414
101	674	ranked_674.pdb_clean_haddock.pdb	-90.96148
102	376	ranked_376.pdb_clean_haddock.pdb	-90.93526
103	611	ranked_611.pdb_clean_haddock.pdb	-90.92268
104	814	ranked_814.pdb_clean_haddock.pdb	-90.83332
105	46	ranked_46.pdb_clean_haddock.pdb	-90.82426
106	202	ranked_202.pdb_clean_haddock.pdb	-90.75664
107	407	ranked_407.pdb_clean_haddock.pdb	-90.72894
108	131	ranked_131.pdb_clean_haddock.pdb	-90.6737
109	800	ranked_800.pdb_clean_haddock.pdb	-90.65938
110	422	ranked_422.pdb_clean_haddock.pdb	-90.49194
111	467	ranked_467.pdb_clean_haddock.pdb	-90.38506000000001
112	443	ranked_443.pdb_clean_haddock.pdb	-90.35646
113	181	ranked_181.pdb_clean_haddock.pdb	-90.20454000000001
114	98	ranked_98.pdb_clean_haddock.pdb	-90.16922
115	531	ranked_531.pdb_clean_haddock.pdb	-90.02302
116	499	ranked_499.pdb_clean_haddock.pdb	-89.94364
117	220	ranked_220.pdb_clean_haddock.pdb	-89.91664
118	656	ranked_656.pdb_clean_haddock.pdb	-89.74252000000001
119	193	ranked_193.pdb_clean_haddock.pdb	-89.69566
120	729	ranked_729.pdb_clean_haddock.pdb	-89.4499
121	304	ranked_304.pdb_clean_haddock.pdb	-89.44479999999999
122	578	ranked_578.pdb_clean_haddock.pdb	-89.31013999999999
123	472	ranked_472.pdb_clean_haddock.pdb	-89.30844
124	236	ranked_236.pdb_clean_haddock.pdb	-89.20238
125	813	ranked_813.pdb_clean_haddock.pdb	-89.00168
126	860	ranked_860.pdb_clean_haddock.pdb	-88.99691999999999
127	653	ranked_653.pdb_clean_haddock.pdb	-88.93863999999999
128	702	ranked_702.pdb_clean_haddock.pdb	-88.88252
129	397	ranked_397.pdb_clean_haddock.pdb	-88.84868
130	780	ranked_780.pdb_clean_haddock.pdb	-88.7913
131	750	ranked_750.pdb_clean_haddock.pdb	-88.76868
132	562	ranked_562.pdb_clean_haddock.pdb	-88.73396
133	99	ranked_99.pdb_clean_haddock.pdb	-88.64432
134	84	ranked_84.pdb_clean_haddock.pdb	-88.59948
135	706	ranked_706.pdb_clean_haddock.pdb	-88.54514
136	740	ranked_740.pdb_clean_haddock.pdb	-88.34714
137	640	ranked_640.pdb_clean_haddock.pdb	-88.22578
138	363	ranked_363.pdb_clean_haddock.pdb	-88.09819999999999
139	629	ranked_629.pdb_clean_haddock.pdb	-88.0849
140	100	ranked_100.pdb_clean_haddock.pdb	-88.0793
141	804	ranked_804.pdb_clean_haddock.pdb	-87.97677999999999
142	666	ranked_666.pdb_clean_haddock.pdb	-87.93406
143	842	ranked_842.pdb_clean_haddock.pdb	-87.92608
144	741	ranked_741.pdb_clean_haddock.pdb	-87.91638
145	361	ranked_361.pdb_clean_haddock.pdb	-87.85202000000001
146	549	ranked_549.pdb_clean_haddock.pdb	-87.83696
147	697	ranked_697.pdb_clean_haddock.pdb	-87.78118
148	152	ranked_152.pdb_clean_haddock.pdb	-87.74718
149	261	ranked_261.pdb_clean_haddock.pdb	-87.67136
150	63	ranked_63.pdb_clean_haddock.pdb	-87.63256
151	216	ranked_216.pdb_clean_haddock.pdb	-87.54538
152	744	ranked_744.pdb_clean_haddock.pdb	-87.53024
153	513	ranked_513.pdb_clean_haddock.pdb	-87.48182
154	107	ranked_107.pdb_clean_haddock.pdb	-87.42988
155	476	ranked_476.pdb_clean_haddock.pdb	-87.35028
156	614	ranked_614.pdb_clean_haddock.pdb	-87.31551999999999
157	529	ranked_529.pdb_clean_haddock.pdb	-87.27207999999999
158	647	ranked_647.pdb_clean_haddock.pdb	-87.27198
159	523	ranked_523.pdb_clean_haddock.pdb	-86.99622
160	421	ranked_421.pdb_clean_haddock.pdb	-86.92475999999999
161	5	ranked_5.pdb_clean_haddock.pdb	-86.8477
162	709	ranked_709.pdb_clean_haddock.pdb	-86.73014
163	359	ranked_359.pdb_clean_haddock.pdb	-86.69488000000001
164	608	ranked_608.pdb_clean_haddock.pdb	-86.69164
165	485	ranked_485.pdb_clean_haddock.pdb	-86.67699999999999
166	572	ranked_572.pdb_clean_haddock.pdb	-86.62116
167	493	ranked_493.pdb_clean_haddock.pdb	-86.5685
168	648	ranked_648.pdb_clean_haddock.pdb	-86.53166
169	429	ranked_429.pdb_clean_haddock.pdb	-86.41812
170	195	ranked_195.pdb_clean_haddock.pdb	-86.4051
171	274	ranked_274.pdb_clean_haddock.pdb	-86.32992
172	651	ranked_651.pdb_clean_haddock.pdb	-86.28566000000001
173	736	ranked_736.pdb_clean_haddock.pdb	-86.18492
174	235	ranked_235.pdb_clean_haddock.pdb	-86.15791999999999
175	728	ranked_728.pdb_clean_haddock.pdb	-86.13742000000002
176	733	ranked_733.pdb_clean_haddock.pdb	-85.97604
177	636	ranked_636.pdb_clean_haddock.pdb	-85.92022
178	145	ranked_145.pdb_clean_haddock.pdb	-85.88184000000001
179	428	ranked_428.pdb_clean_haddock.pdb	-85.86604
180	792	ranked_792.pdb_clean_haddock.pdb	-85.8569
181	719	ranked_719.pdb_clean_haddock.pdb	-85.84872
182	837	ranked_837.pdb_clean_haddock.pdb	-85.70122
183	139	ranked_139.pdb_clean_haddock.pdb	-85.62622
184	787	ranked_787.pdb_clean_haddock.pdb	-85.5983
185	657	ranked_657.pdb_clean_haddock.pdb	-85.55524
186	762	ranked_762.pdb_clean_haddock.pdb	-85.55194
187	55	ranked_55.pdb_clean_haddock.pdb	-85.48702
188	601	ranked_601.pdb_clean_haddock.pdb	-85.46003999999999
189	746	ranked_746.pdb_clean_haddock.pdb	-85.44386
190	730	ranked_730.pdb_clean_haddock.pdb	-85.41326000000001
191	565	ranked_565.pdb_clean_haddock.pdb	-85.38368
192	101	ranked_101.pdb_clean_haddock.pdb	-85.30234
193	26	ranked_26.pdb_clean_haddock.pdb	-85.28998
194	281	ranked_281.pdb_clean_haddock.pdb	-85.27544
195	180	ranked_180.pdb_clean_haddock.pdb	-85.25382
196	598	ranked_598.pdb_clean_haddock.pdb	-85.24178
197	329	ranked_329.pdb_clean_haddock.pdb	-85.21922
198	552	ranked_552.pdb_clean_haddock.pdb	-85.0989
199	683	ranked_683.pdb_clean_haddock.pdb	-85.09674000000001
200	854	ranked_854.pdb_clean_haddock.pdb	-85.04458
201	771	ranked_771.pdb_clean_haddock.pdb	-85.04308
202	155	ranked_155.pdb_clean_haddock.pdb	-85.02844000000002
203	594	ranked_594.pdb_clean_haddock.pdb	-84.93324000000001
204	57	ranked_57.pdb_clean_haddock.pdb	-84.92234
205	486	ranked_486.pdb_clean_haddock.pdb	-84.91614
206	687	ranked_687.pdb_clean_haddock.pdb	-84.90508
207	587	ranked_587.pdb_clean_haddock.pdb	-84.86546
208	558	ranked_558.pdb_clean_haddock.pdb	-84.7166
209	671	ranked_671.pdb_clean_haddock.pdb	-84.70236
210	122	ranked_122.pdb_clean_haddock.pdb	-84.70192
211	600	ranked_600.pdb_clean_haddock.pdb	-84.66282
212	266	ranked_266.pdb_clean_haddock.pdb	-84.64454
213	582	ranked_582.pdb_clean_haddock.pdb	-84.62258
214	196	ranked_196.pdb_clean_haddock.pdb	-84.57492
215	285	ranked_285.pdb_clean_haddock.pdb	-84.53909999999999
216	344	ranked_344.pdb_clean_haddock.pdb	-84.49728
217	312	ranked_312.pdb_clean_haddock.pdb	-84.45302
218	437	ranked_437.pdb_clean_haddock.pdb	-84.44669999999999
219	382	ranked_382.pdb_clean_haddock.pdb	-84.40732
220	518	ranked_518.pdb_clean_haddock.pdb	-84.38198
221	802	ranked_802.pdb_clean_haddock.pdb	-84.38042000000002
222	857	ranked_857.pdb_clean_haddock.pdb	-84.3717
223	851	ranked_851.pdb_clean_haddock.pdb	-84.33364
224	754	ranked_754.pdb_clean_haddock.pdb	-84.28214
225	360	ranked_360.pdb_clean_haddock.pdb	-84.26114000000001
226	496	ranked_496.pdb_clean_haddock.pdb	-84.2293
227	284	ranked_284.pdb_clean_haddock.pdb	-84.15402
228	658	ranked_658.pdb_clean_haddock.pdb	-84.1274
229	604	ranked_604.pdb_clean_haddock.pdb	-84.12304
230	807	ranked_807.pdb_clean_haddock.pdb	-84.04222
231	715	ranked_715.pdb_clean_haddock.pdb	-83.93716
232	701	ranked_701.pdb_clean_haddock.pdb	-83.90702
233	249	ranked_249.pdb_clean_haddock.pdb	-83.89408
234	649	ranked_649.pdb_clean_haddock.pdb	-83.81788
235	70	ranked_70.pdb_clean_haddock.pdb	-83.79278
236	277	ranked_277.pdb_clean_haddock.pdb	-83.7312
237	650	ranked_650.pdb_clean_haddock.pdb	-83.65343999999999
238	0	ranked_0.pdb_clean_haddock.pdb	-83.48224
239	673	ranked_673.pdb_clean_haddock.pdb	-83.37801999999999
240	72	ranked_72.pdb_clean_haddock.pdb	-83.32625999999999
241	515	ranked_515.pdb_clean_haddock.pdb	-83.30069999999999
242	589	ranked_589.pdb_clean_haddock.pdb	-83.27142
243	160	ranked_160.pdb_clean_haddock.pdb	-83.2466
244	786	ranked_786.pdb_clean_haddock.pdb	-83.23244
245	440	ranked_440.pdb_clean_haddock.pdb	-83.2322
246	169	ranked_169.pdb_clean_haddock.pdb	-83.16409999999999
247	575	ranked_575.pdb_clean_haddock.pdb	-83.11998
248	204	ranked_204.pdb_clean_haddock.pdb	-83.10576
249	756	ranked_756.pdb_clean_haddock.pdb	-83.04396
250	793	ranked_793.pdb_clean_haddock.pdb	-82.99992
251	166	ranked_166.pdb_clean_haddock.pdb	-82.96996
252	809	ranked_809.pdb_clean_haddock.pdb	-82.96528
253	233	ranked_233.pdb_clean_haddock.pdb	-82.95786000000001
254	603	ranked_603.pdb_clean_haddock.pdb	-82.8956
255	106	ranked_106.pdb_clean_haddock.pdb	-82.75847999999999
256	680	ranked_680.pdb_clean_haddock.pdb	-82.72550000000001
257	628	ranked_628.pdb_clean_haddock.pdb	-82.70774
258	682	ranked_682.pdb_clean_haddock.pdb	-82.70348
259	554	ranked_554.pdb_clean_haddock.pdb	-82.65702
260	723	ranked_723.pdb_clean_haddock.pdb	-82.58348000000001
261	713	ranked_713.pdb_clean_haddock.pdb	-82.56558
262	411	ranked_411.pdb_clean_haddock.pdb	-82.54560000000001
263	48	ranked_48.pdb_clean_haddock.pdb	-82.5066
264	660	ranked_660.pdb_clean_haddock.pdb	-82.44666000000001
265	798	ranked_798.pdb_clean_haddock.pdb	-82.42952
266	69	ranked_69.pdb_clean_haddock.pdb	-82.42931999999999
267	257	ranked_257.pdb_clean_haddock.pdb	-82.38724
268	466	ranked_466.pdb_clean_haddock.pdb	-82.30398
269	186	ranked_186.pdb_clean_haddock.pdb	-82.29434
270	663	ranked_663.pdb_clean_haddock.pdb	-82.29122000000001
271	519	ranked_519.pdb_clean_haddock.pdb	-82.17972
272	569	ranked_569.pdb_clean_haddock.pdb	-82.13076000000001
273	789	ranked_789.pdb_clean_haddock.pdb	-82.11408
274	788	ranked_788.pdb_clean_haddock.pdb	-82.08882
275	776	ranked_776.pdb_clean_haddock.pdb	-82.08449999999999
276	643	ranked_643.pdb_clean_haddock.pdb	-82.08408
277	369	ranked_369.pdb_clean_haddock.pdb	-82.06484
278	825	ranked_825.pdb_clean_haddock.pdb	-81.99029999999999
279	688	ranked_688.pdb_clean_haddock.pdb	-81.98934
280	365	ranked_365.pdb_clean_haddock.pdb	-81.86576
281	619	ranked_619.pdb_clean_haddock.pdb	-81.84238
282	678	ranked_678.pdb_clean_haddock.pdb	-81.83028
283	586	ranked_586.pdb_clean_haddock.pdb	-81.79802000000001
284	599	ranked_599.pdb_clean_haddock.pdb	-81.71676
285	177	ranked_177.pdb_clean_haddock.pdb	-81.6423
286	726	ranked_726.pdb_clean_haddock.pdb	-81.60408000000001
287	116	ranked_116.pdb_clean_haddock.pdb	-81.5724
288	319	ranked_319.pdb_clean_haddock.pdb	-81.56013999999999
289	214	ranked_214.pdb_clean_haddock.pdb	-81.40138
290	718	ranked_718.pdb_clean_haddock.pdb	-81.39124000000001
291	855	ranked_855.pdb_clean_haddock.pdb	-81.23804
292	634	ranked_634.pdb_clean_haddock.pdb	-81.21074
293	286	ranked_286.pdb_clean_haddock.pdb	-81.13562
294	573	ranked_573.pdb_clean_haddock.pdb	-80.84407999999999
295	757	ranked_757.pdb_clean_haddock.pdb	-80.80288
296	37	ranked_37.pdb_clean_haddock.pdb	-80.78013999999999
297	492	ranked_492.pdb_clean_haddock.pdb	-80.77562
298	752	ranked_752.pdb_clean_haddock.pdb	-80.77132
299	722	ranked_722.pdb_clean_haddock.pdb	-80.7657
300	829	ranked_829.pdb_clean_haddock.pdb	-80.64428000000001
301	579	ranked_579.pdb_clean_haddock.pdb	-80.62944
302	511	ranked_511.pdb_clean_haddock.pdb	-80.62004
303	635	ranked_635.pdb_clean_haddock.pdb	-80.60324
304	677	ranked_677.pdb_clean_haddock.pdb	-80.57354000000001
305	526	ranked_526.pdb_clean_haddock.pdb	-80.57056
306	835	ranked_835.pdb_clean_haddock.pdb	-80.53344
307	234	ranked_234.pdb_clean_haddock.pdb	-80.5307
308	357	ranked_357.pdb_clean_haddock.pdb	-80.52799999999999
309	676	ranked_676.pdb_clean_haddock.pdb	-80.49712
310	617	ranked_617.pdb_clean_haddock.pdb	-80.47204
311	82	ranked_82.pdb_clean_haddock.pdb	-80.45856
312	87	ranked_87.pdb_clean_haddock.pdb	-80.45465999999999
313	157	ranked_157.pdb_clean_haddock.pdb	-80.33796000000001
314	799	ranked_799.pdb_clean_haddock.pdb	-80.32424
315	527	ranked_527.pdb_clean_haddock.pdb	-80.2873
316	58	ranked_58.pdb_clean_haddock.pdb	-80.24637999999999
317	795	ranked_795.pdb_clean_haddock.pdb	-80.24588
318	669	ranked_669.pdb_clean_haddock.pdb	-80.0813
319	396	ranked_396.pdb_clean_haddock.pdb	-80.03162
320	338	ranked_338.pdb_clean_haddock.pdb	-79.95452
321	340	ranked_340.pdb_clean_haddock.pdb	-79.94716
322	171	ranked_171.pdb_clean_haddock.pdb	-79.94695999999999
323	296	ranked_296.pdb_clean_haddock.pdb	-79.91432
324	847	ranked_847.pdb_clean_haddock.pdb	-79.88900000000001
325	255	ranked_255.pdb_clean_haddock.pdb	-79.87128000000001
326	536	ranked_536.pdb_clean_haddock.pdb	-79.87054
327	430	ranked_430.pdb_clean_haddock.pdb	-79.81710000000001
328	231	ranked_231.pdb_clean_haddock.pdb	-79.79093999999999
329	759	ranked_759.pdb_clean_haddock.pdb	-79.77548
330	187	ranked_187.pdb_clean_haddock.pdb	-79.67748
331	772	ranked_772.pdb_clean_haddock.pdb	-79.56646
332	141	ranked_141.pdb_clean_haddock.pdb	-79.54035999999999
333	806	ranked_806.pdb_clean_haddock.pdb	-79.49652
334	19	ranked_19.pdb_clean_haddock.pdb	-79.48848
335	836	ranked_836.pdb_clean_haddock.pdb	-79.4866
336	816	ranked_816.pdb_clean_haddock.pdb	-79.46694
337	198	ranked_198.pdb_clean_haddock.pdb	-79.46424
338	609	ranked_609.pdb_clean_haddock.pdb	-79.45776000000001
339	441	ranked_441.pdb_clean_haddock.pdb	-79.4493
340	739	ranked_739.pdb_clean_haddock.pdb	-79.30298
341	110	ranked_110.pdb_clean_haddock.pdb	-79.26562
342	510	ranked_510.pdb_clean_haddock.pdb	-79.26334
343	833	ranked_833.pdb_clean_haddock.pdb	-79.2014
344	164	ranked_164.pdb_clean_haddock.pdb	-79.16692
345	852	ranked_852.pdb_clean_haddock.pdb	-79.14884
346	543	ranked_543.pdb_clean_haddock.pdb	-79.01834
347	664	ranked_664.pdb_clean_haddock.pdb	-78.96842000000001
348	581	ranked_581.pdb_clean_haddock.pdb	-78.96266
349	20	ranked_20.pdb_clean_haddock.pdb	-78.92486
350	632	ranked_632.pdb_clean_haddock.pdb	-78.83606
351	724	ranked_724.pdb_clean_haddock.pdb	-78.81806
352	849	ranked_849.pdb_clean_haddock.pdb	-78.67256
353	83	ranked_83.pdb_clean_haddock.pdb	-78.66144
354	641	ranked_641.pdb_clean_haddock.pdb	-78.60668
355	270	ranked_270.pdb_clean_haddock.pdb	-78.59827999999999
356	631	ranked_631.pdb_clean_haddock.pdb	-78.58538
357	393	ranked_393.pdb_clean_haddock.pdb	-78.56408
358	661	ranked_661.pdb_clean_haddock.pdb	-78.53016
359	692	ranked_692.pdb_clean_haddock.pdb	-78.50344
360	325	ranked_325.pdb_clean_haddock.pdb	-78.47380000000001
361	475	ranked_475.pdb_clean_haddock.pdb	-78.4222
362	644	ranked_644.pdb_clean_haddock.pdb	-78.36954
363	147	ranked_147.pdb_clean_haddock.pdb	-78.36626
364	77	ranked_77.pdb_clean_haddock.pdb	-78.32946
365	652	ranked_652.pdb_clean_haddock.pdb	-78.27078
366	714	ranked_714.pdb_clean_haddock.pdb	-78.25954
367	15	ranked_15.pdb_clean_haddock.pdb	-78.22886
368	109	ranked_109.pdb_clean_haddock.pdb	-78.17060000000001
369	290	ranked_290.pdb_clean_haddock.pdb	-78.17024
370	698	ranked_698.pdb_clean_haddock.pdb	-78.13058
371	748	ranked_748.pdb_clean_haddock.pdb	-77.96336
372	2	ranked_2.pdb_clean_haddock.pdb	-77.94631999999999
373	580	ranked_580.pdb_clean_haddock.pdb	-77.90626
374	705	ranked_705.pdb_clean_haddock.pdb	-77.82118
375	783	ranked_783.pdb_clean_haddock.pdb	-77.78014
376	470	ranked_470.pdb_clean_haddock.pdb	-77.63592
377	734	ranked_734.pdb_clean_haddock.pdb	-77.58926
378	827	ranked_827.pdb_clean_haddock.pdb	-77.54874000000001
379	834	ranked_834.pdb_clean_haddock.pdb	-77.31848
380	490	ranked_490.pdb_clean_haddock.pdb	-77.2691
381	553	ranked_553.pdb_clean_haddock.pdb	-77.19062
382	732	ranked_732.pdb_clean_haddock.pdb	-77.14876000000001
383	620	ranked_620.pdb_clean_haddock.pdb	-77.13364
384	770	ranked_770.pdb_clean_haddock.pdb	-77.05228
385	35	ranked_35.pdb_clean_haddock.pdb	-77.02708
386	820	ranked_820.pdb_clean_haddock.pdb	-76.95358
387	597	ranked_597.pdb_clean_haddock.pdb	-76.87828
388	758	ranked_758.pdb_clean_haddock.pdb	-76.85991999999999
389	308	ranked_308.pdb_clean_haddock.pdb	-76.79628
390	622	ranked_622.pdb_clean_haddock.pdb	-76.75772
391	203	ranked_203.pdb_clean_haddock.pdb	-76.7576
392	749	ranked_749.pdb_clean_haddock.pdb	-76.6195
393	222	ranked_222.pdb_clean_haddock.pdb	-76.61652000000001
394	40	ranked_40.pdb_clean_haddock.pdb	-76.61356
395	112	ranked_112.pdb_clean_haddock.pdb	-76.56836
396	844	ranked_844.pdb_clean_haddock.pdb	-76.51642
397	413	ranked_413.pdb_clean_haddock.pdb	-76.47068
398	88	ranked_88.pdb_clean_haddock.pdb	-76.41460000000001
399	819	ranked_819.pdb_clean_haddock.pdb	-76.41239999999999
400	462	ranked_462.pdb_clean_haddock.pdb	-76.39242
401	45	ranked_45.pdb_clean_haddock.pdb	-76.35226
402	605	ranked_605.pdb_clean_haddock.pdb	-76.3227
403	731	ranked_731.pdb_clean_haddock.pdb	-76.31864
404	555	ranked_555.pdb_clean_haddock.pdb	-76.27938
405	751	ranked_751.pdb_clean_haddock.pdb	-76.15484000000001
406	563	ranked_563.pdb_clean_haddock.pdb	-76.13744
407	85	ranked_85.pdb_clean_haddock.pdb	-75.92536000000001
408	830	ranked_830.pdb_clean_haddock.pdb	-75.9159
409	824	ranked_824.pdb_clean_haddock.pdb	-75.87246
410	200	ranked_200.pdb_clean_haddock.pdb	-75.82146
411	639	ranked_639.pdb_clean_haddock.pdb	-75.74228
412	584	ranked_584.pdb_clean_haddock.pdb	-75.70670000000001
413	128	ranked_128.pdb_clean_haddock.pdb	-75.69072
414	794	ranked_794.pdb_clean_haddock.pdb	-75.54266
415	781	ranked_781.pdb_clean_haddock.pdb	-75.50716
416	111	ranked_111.pdb_clean_haddock.pdb	-75.48385999999999
417	148	ranked_148.pdb_clean_haddock.pdb	-75.36436
418	760	ranked_760.pdb_clean_haddock.pdb	-75.32061999999999
419	38	ranked_38.pdb_clean_haddock.pdb	-75.28354
420	115	ranked_115.pdb_clean_haddock.pdb	-75.25764
421	408	ranked_408.pdb_clean_haddock.pdb	-75.05822
422	593	ranked_593.pdb_clean_haddock.pdb	-74.98046
423	693	ranked_693.pdb_clean_haddock.pdb	-74.93524
424	821	ranked_821.pdb_clean_haddock.pdb	-74.90746
425	533	ranked_533.pdb_clean_haddock.pdb	-74.78578
426	782	ranked_782.pdb_clean_haddock.pdb	-74.75476
427	811	ranked_811.pdb_clean_haddock.pdb	-74.73536
428	161	ranked_161.pdb_clean_haddock.pdb	-74.66888
429	668	ranked_668.pdb_clean_haddock.pdb	-74.66278
430	487	ranked_487.pdb_clean_haddock.pdb	-74.64338000000001
431	823	ranked_823.pdb_clean_haddock.pdb	-74.48164
432	6	ranked_6.pdb_clean_haddock.pdb	-74.43606
433	627	ranked_627.pdb_clean_haddock.pdb	-74.17862
434	197	ranked_197.pdb_clean_haddock.pdb	-74.12932
435	22	ranked_22.pdb_clean_haddock.pdb	-74.10283999999999
436	381	ranked_381.pdb_clean_haddock.pdb	-74.03868
437	606	ranked_606.pdb_clean_haddock.pdb	-73.95682
438	370	ranked_370.pdb_clean_haddock.pdb	-73.93174
439	645	ranked_645.pdb_clean_haddock.pdb	-73.73
440	501	ranked_501.pdb_clean_haddock.pdb	-73.71218
441	667	ranked_667.pdb_clean_haddock.pdb	-73.49372
442	95	ranked_95.pdb_clean_haddock.pdb	-73.36511999999999
443	61	ranked_61.pdb_clean_haddock.pdb	-73.3587
444	507	ranked_507.pdb_clean_haddock.pdb	-73.35391999999999
445	696	ranked_696.pdb_clean_haddock.pdb	-73.34183999999999
446	314	ranked_314.pdb_clean_haddock.pdb	-73.24412000000001
447	62	ranked_62.pdb_clean_haddock.pdb	-73.23888
448	380	ranked_380.pdb_clean_haddock.pdb	-72.95895999999999
449	334	ranked_334.pdb_clean_haddock.pdb	-72.81336
450	881	ranked_881.pdb_clean_haddock.pdb	-72.7371
451	725	ranked_725.pdb_clean_haddock.pdb	-72.66886
452	707	ranked_707.pdb_clean_haddock.pdb	-72.61354
453	521	ranked_521.pdb_clean_haddock.pdb	-72.45168000000001
454	840	ranked_840.pdb_clean_haddock.pdb	-72.40454
455	583	ranked_583.pdb_clean_haddock.pdb	-72.32582000000001
456	260	ranked_260.pdb_clean_haddock.pdb	-72.30295999999998
457	679	ranked_679.pdb_clean_haddock.pdb	-72.30264
458	810	ranked_810.pdb_clean_haddock.pdb	-72.16078
459	808	ranked_808.pdb_clean_haddock.pdb	-71.98723999999999
460	522	ranked_522.pdb_clean_haddock.pdb	-71.93564
461	146	ranked_146.pdb_clean_haddock.pdb	-71.90666
462	240	ranked_240.pdb_clean_haddock.pdb	-71.84382
463	738	ranked_738.pdb_clean_haddock.pdb	-71.71658
464	491	ranked_491.pdb_clean_haddock.pdb	-71.70728
465	642	ranked_642.pdb_clean_haddock.pdb	-71.68964
466	675	ranked_675.pdb_clean_haddock.pdb	-71.60808
467	633	ranked_633.pdb_clean_haddock.pdb	-71.52142
468	28	ranked_28.pdb_clean_haddock.pdb	-71.49762000000001
469	861	ranked_861.pdb_clean_haddock.pdb	-71.40822
470	439	ranked_439.pdb_clean_haddock.pdb	-71.34128
471	450	ranked_450.pdb_clean_haddock.pdb	-71.3201
472	613	ranked_613.pdb_clean_haddock.pdb	-71.25906
473	500	ranked_500.pdb_clean_haddock.pdb	-71.1961
474	592	ranked_592.pdb_clean_haddock.pdb	-71.19095999999999
475	273	ranked_273.pdb_clean_haddock.pdb	-71.17836
476	105	ranked_105.pdb_clean_haddock.pdb	-71.1223
477	221	ranked_221.pdb_clean_haddock.pdb	-71.11848
478	293	ranked_293.pdb_clean_haddock.pdb	-71.10524000000001
479	375	ranked_375.pdb_clean_haddock.pdb	-71.10372000000001
480	27	ranked_27.pdb_clean_haddock.pdb	-71.10274
481	689	ranked_689.pdb_clean_haddock.pdb	-71.06794
482	51	ranked_51.pdb_clean_haddock.pdb	-71.0408
483	189	ranked_189.pdb_clean_haddock.pdb	-70.95642000000001
484	700	ranked_700.pdb_clean_haddock.pdb	-70.95342
485	545	ranked_545.pdb_clean_haddock.pdb	-70.82278
486	282	ranked_282.pdb_clean_haddock.pdb	-70.71406
487	672	ranked_672.pdb_clean_haddock.pdb	-70.63136
488	96	ranked_96.pdb_clean_haddock.pdb	-70.40744000000001
489	858	ranked_858.pdb_clean_haddock.pdb	-70.35188
490	690	ranked_690.pdb_clean_haddock.pdb	-70.33536000000001
491	862	ranked_862.pdb_clean_haddock.pdb	-70.31264
492	309	ranked_309.pdb_clean_haddock.pdb	-70.27271999999999
493	136	ranked_136.pdb_clean_haddock.pdb	-70.16596
494	618	ranked_618.pdb_clean_haddock.pdb	-70.11974000000001
495	90	ranked_90.pdb_clean_haddock.pdb	-70.0838
496	571	ranked_571.pdb_clean_haddock.pdb	-70.03482
497	395	ranked_395.pdb_clean_haddock.pdb	-69.98882
498	205	ranked_205.pdb_clean_haddock.pdb	-69.97337999999999
499	546	ranked_546.pdb_clean_haddock.pdb	-69.9708
500	67	ranked_67.pdb_clean_haddock.pdb	-69.92930000000001
501	144	ranked_144.pdb_clean_haddock.pdb	-69.88988
502	280	ranked_280.pdb_clean_haddock.pdb	-69.64869999999999
503	777	ranked_777.pdb_clean_haddock.pdb	-69.6156
504	50	ranked_50.pdb_clean_haddock.pdb	-69.59152
505	869	ranked_869.pdb_clean_haddock.pdb	-69.43982
506	168	ranked_168.pdb_clean_haddock.pdb	-69.39706
507	779	ranked_779.pdb_clean_haddock.pdb	-69.3527
508	918	ranked_918.pdb_clean_haddock.pdb	-69.25113999999999
509	659	ranked_659.pdb_clean_haddock.pdb	-69.20456
510	416	ranked_416.pdb_clean_haddock.pdb	-68.94984
511	506	ranked_506.pdb_clean_haddock.pdb	-68.84482
512	355	ranked_355.pdb_clean_haddock.pdb	-68.83784
513	341	ranked_341.pdb_clean_haddock.pdb	-68.83608000000001
514	17	ranked_17.pdb_clean_haddock.pdb	-68.80104
515	686	ranked_686.pdb_clean_haddock.pdb	-68.76684
516	409	ranked_409.pdb_clean_haddock.pdb	-68.71788
517	66	ranked_66.pdb_clean_haddock.pdb	-68.45716000000002
518	868	ranked_868.pdb_clean_haddock.pdb	-68.40428
519	102	ranked_102.pdb_clean_haddock.pdb	-68.31268
520	328	ranked_328.pdb_clean_haddock.pdb	-68.19488
521	246	ranked_246.pdb_clean_haddock.pdb	-68.08698000000001
522	229	ranked_229.pdb_clean_haddock.pdb	-68.07848
523	124	ranked_124.pdb_clean_haddock.pdb	-68.0176
524	394	ranked_394.pdb_clean_haddock.pdb	-67.91538
525	537	ranked_537.pdb_clean_haddock.pdb	-67.89096
526	483	ranked_483.pdb_clean_haddock.pdb	-67.8826
527	442	ranked_442.pdb_clean_haddock.pdb	-67.85636
528	547	ranked_547.pdb_clean_haddock.pdb	-67.83706000000001
529	551	ranked_551.pdb_clean_haddock.pdb	-67.71778
530	848	ranked_848.pdb_clean_haddock.pdb	-67.68474
531	53	ranked_53.pdb_clean_haddock.pdb	-67.58612
532	11	ranked_11.pdb_clean_haddock.pdb	-67.54906
533	386	ranked_386.pdb_clean_haddock.pdb	-67.38342
534	853	ranked_853.pdb_clean_haddock.pdb	-67.20457999999999
535	444	ranked_444.pdb_clean_haddock.pdb	-67.04456
536	828	ranked_828.pdb_clean_haddock.pdb	-67.00106
537	159	ranked_159.pdb_clean_haddock.pdb	-66.93108000000001
538	33	ranked_33.pdb_clean_haddock.pdb	-66.9045
539	495	ranked_495.pdb_clean_haddock.pdb	-66.55770000000001
540	158	ranked_158.pdb_clean_haddock.pdb	-66.5117
541	52	ranked_52.pdb_clean_haddock.pdb	-66.41722
542	356	ranked_356.pdb_clean_haddock.pdb	-66.31216
543	454	ranked_454.pdb_clean_haddock.pdb	-66.30986
544	766	ranked_766.pdb_clean_haddock.pdb	-66.26406
545	695	ranked_695.pdb_clean_haddock.pdb	-66.2551
546	89	ranked_89.pdb_clean_haddock.pdb	-66.11964
547	153	ranked_153.pdb_clean_haddock.pdb	-65.91644
548	433	ranked_433.pdb_clean_haddock.pdb	-65.83676
549	79	ranked_79.pdb_clean_haddock.pdb	-65.79654
550	508	ranked_508.pdb_clean_haddock.pdb	-65.76174
551	607	ranked_607.pdb_clean_haddock.pdb	-65.75922
552	12	ranked_12.pdb_clean_haddock.pdb	-65.75533999999999
553	654	ranked_654.pdb_clean_haddock.pdb	-65.68548
554	13	ranked_13.pdb_clean_haddock.pdb	-65.67932
555	305	ranked_305.pdb_clean_haddock.pdb	-65.66232
556	461	ranked_461.pdb_clean_haddock.pdb	-65.60566
557	745	ranked_745.pdb_clean_haddock.pdb	-65.3272
558	183	ranked_183.pdb_clean_haddock.pdb	-65.30348000000001
559	870	ranked_870.pdb_clean_haddock.pdb	-65.2252
560	275	ranked_275.pdb_clean_haddock.pdb	-65.20658
561	31	ranked_31.pdb_clean_haddock.pdb	-64.98474
562	247	ranked_247.pdb_clean_haddock.pdb	-64.86446
563	484	ranked_484.pdb_clean_haddock.pdb	-64.84732
564	685	ranked_685.pdb_clean_haddock.pdb	-64.78276
565	873	ranked_873.pdb_clean_haddock.pdb	-64.66552
566	399	ranked_399.pdb_clean_haddock.pdb	-64.62704
567	327	ranked_327.pdb_clean_haddock.pdb	-64.5056
568	25	ranked_25.pdb_clean_haddock.pdb	-64.49083999999999
569	822	ranked_822.pdb_clean_haddock.pdb	-64.4399
570	384	ranked_384.pdb_clean_haddock.pdb	-64.33516
571	803	ranked_803.pdb_clean_haddock.pdb	-64.32596
572	36	ranked_36.pdb_clean_haddock.pdb	-64.32578
573	398	ranked_398.pdb_clean_haddock.pdb	-64.1642
574	138	ranked_138.pdb_clean_haddock.pdb	-64.12049999999999
575	534	ranked_534.pdb_clean_haddock.pdb	-64.11712
576	223	ranked_223.pdb_clean_haddock.pdb	-64.07446
577	646	ranked_646.pdb_clean_haddock.pdb	-63.97972
578	212	ranked_212.pdb_clean_haddock.pdb	-63.89414
579	34	ranked_34.pdb_clean_haddock.pdb	-63.86764
580	47	ranked_47.pdb_clean_haddock.pdb	-63.8168
581	453	ranked_453.pdb_clean_haddock.pdb	-63.778760000000005
582	610	ranked_610.pdb_clean_haddock.pdb	-63.54584
583	39	ranked_39.pdb_clean_haddock.pdb	-63.523360000000004
584	665	ranked_665.pdb_clean_haddock.pdb	-63.077940000000005
585	542	ranked_542.pdb_clean_haddock.pdb	-63.053740000000005
586	556	ranked_556.pdb_clean_haddock.pdb	-62.941520000000004
587	662	ranked_662.pdb_clean_haddock.pdb	-62.83438
588	405	ranked_405.pdb_clean_haddock.pdb	-62.802279999999996
589	150	ranked_150.pdb_clean_haddock.pdb	-62.66114
590	331	ranked_331.pdb_clean_haddock.pdb	-62.57356
591	54	ranked_54.pdb_clean_haddock.pdb	-62.406960000000005
592	184	ranked_184.pdb_clean_haddock.pdb	-62.396240000000006
593	401	ranked_401.pdb_clean_haddock.pdb	-62.278220000000005
594	434	ranked_434.pdb_clean_haddock.pdb	-62.22652
595	383	ranked_383.pdb_clean_haddock.pdb	-62.193439999999995
596	227	ranked_227.pdb_clean_haddock.pdb	-62.177679999999995
597	94	ranked_94.pdb_clean_haddock.pdb	-62.074380000000005
598	121	ranked_121.pdb_clean_haddock.pdb	-61.94662
599	345	ranked_345.pdb_clean_haddock.pdb	-61.94656
600	32	ranked_32.pdb_clean_haddock.pdb	-61.79734
601	446	ranked_446.pdb_clean_haddock.pdb	-61.77084
602	299	ranked_299.pdb_clean_haddock.pdb	-61.709360000000004
603	412	ranked_412.pdb_clean_haddock.pdb	-61.68622
604	839	ranked_839.pdb_clean_haddock.pdb	-61.63914
605	784	ranked_784.pdb_clean_haddock.pdb	-61.60508
606	132	ranked_132.pdb_clean_haddock.pdb	-61.55903
607	372	ranked_372.pdb_clean_haddock.pdb	-61.550380000000004
608	402	ranked_402.pdb_clean_haddock.pdb	-61.5157
609	250	ranked_250.pdb_clean_haddock.pdb	-61.48088
610	468	ranked_468.pdb_clean_haddock.pdb	-61.4688
611	318	ranked_318.pdb_clean_haddock.pdb	-61.35168
612	349	ranked_349.pdb_clean_haddock.pdb	-61.32226
613	624	ranked_624.pdb_clean_haddock.pdb	-61.249159999999996
614	81	ranked_81.pdb_clean_haddock.pdb	-61.11462
615	86	ranked_86.pdb_clean_haddock.pdb	-60.87059
616	452	ranked_452.pdb_clean_haddock.pdb	-60.71413
617	310	ranked_310.pdb_clean_haddock.pdb	-60.64066
618	254	ranked_254.pdb_clean_haddock.pdb	-60.59429
619	367	ranked_367.pdb_clean_haddock.pdb	-60.57073
620	130	ranked_130.pdb_clean_haddock.pdb	-60.540859999999995
621	135	ranked_135.pdb_clean_haddock.pdb	-60.53438
622	302	ranked_302.pdb_clean_haddock.pdb	-60.4861
623	406	ranked_406.pdb_clean_haddock.pdb	-60.23274
624	179	ranked_179.pdb_clean_haddock.pdb	-60.09310000000001
625	41	ranked_41.pdb_clean_haddock.pdb	-60.068220000000004
626	871	ranked_871.pdb_clean_haddock.pdb	-59.82486
627	352	ranked_352.pdb_clean_haddock.pdb	-59.61386
628	424	ranked_424.pdb_clean_haddock.pdb	-59.55889
629	846	ranked_846.pdb_clean_haddock.pdb	-59.456999999999994
630	417	ranked_417.pdb_clean_haddock.pdb	-59.431639999999994
631	845	ranked_845.pdb_clean_haddock.pdb	-59.40572
632	29	ranked_29.pdb_clean_haddock.pdb	-59.28756
633	3	ranked_3.pdb_clean_haddock.pdb	-59.25144
634	464	ranked_464.pdb_clean_haddock.pdb	-59.24614
635	389	ranked_389.pdb_clean_haddock.pdb	-59.22857
636	321	ranked_321.pdb_clean_haddock.pdb	-59.114509999999996
637	74	ranked_74.pdb_clean_haddock.pdb	-59.113499999999995
638	856	ranked_856.pdb_clean_haddock.pdb	-59.0936
639	56	ranked_56.pdb_clean_haddock.pdb	-58.86556
640	337	ranked_337.pdb_clean_haddock.pdb	-58.74715
641	859	ranked_859.pdb_clean_haddock.pdb	-58.41547
642	316	ranked_316.pdb_clean_haddock.pdb	-58.386610000000005
643	524	ranked_524.pdb_clean_haddock.pdb	-58.36425
644	21	ranked_21.pdb_clean_haddock.pdb	-58.14866
645	49	ranked_49.pdb_clean_haddock.pdb	-57.44737
646	97	ranked_97.pdb_clean_haddock.pdb	-57.440889999999996
647	156	ranked_156.pdb_clean_haddock.pdb	-57.37759
648	303	ranked_303.pdb_clean_haddock.pdb	-57.35964
649	591	ranked_591.pdb_clean_haddock.pdb	-57.280339999999995
650	336	ranked_336.pdb_clean_haddock.pdb	-57.19821
651	801	ranked_801.pdb_clean_haddock.pdb	-56.81404
652	191	ranked_191.pdb_clean_haddock.pdb	-56.622
653	637	ranked_637.pdb_clean_haddock.pdb	-56.59163
654	211	ranked_211.pdb_clean_haddock.pdb	-56.24814
655	497	ranked_497.pdb_clean_haddock.pdb	-56.05422
656	865	ranked_865.pdb_clean_haddock.pdb	-55.9628
657	175	ranked_175.pdb_clean_haddock.pdb	-55.92825
658	330	ranked_330.pdb_clean_haddock.pdb	-55.899950000000004
659	520	ranked_520.pdb_clean_haddock.pdb	-55.76819
660	403	ranked_403.pdb_clean_haddock.pdb	-55.70233
661	8	ranked_8.pdb_clean_haddock.pdb	-55.66868
662	226	ranked_226.pdb_clean_haddock.pdb	-55.63047
663	129	ranked_129.pdb_clean_haddock.pdb	-55.54308
664	217	ranked_217.pdb_clean_haddock.pdb	-55.542860000000005
665	288	ranked_288.pdb_clean_haddock.pdb	-55.48912
666	767	ranked_767.pdb_clean_haddock.pdb	-55.259589999999996
667	306	ranked_306.pdb_clean_haddock.pdb	-55.07855000000001
668	517	ranked_517.pdb_clean_haddock.pdb	-54.9821
669	238	ranked_238.pdb_clean_haddock.pdb	-54.92694
670	42	ranked_42.pdb_clean_haddock.pdb	-54.89728
671	775	ranked_775.pdb_clean_haddock.pdb	-54.869240000000005
672	178	ranked_178.pdb_clean_haddock.pdb	-54.82056
673	43	ranked_43.pdb_clean_haddock.pdb	-54.68046
674	930	ranked_930.pdb_clean_haddock.pdb	-54.67184
675	595	ranked_595.pdb_clean_haddock.pdb	-54.6447
676	244	ranked_244.pdb_clean_haddock.pdb	-54.573080000000004
677	59	ranked_59.pdb_clean_haddock.pdb	-54.05783
678	279	ranked_279.pdb_clean_haddock.pdb	-53.90493
679	874	ranked_874.pdb_clean_haddock.pdb	-53.830870000000004
680	419	ranked_419.pdb_clean_haddock.pdb	-53.75128
681	812	ranked_812.pdb_clean_haddock.pdb	-53.42295
682	489	ranked_489.pdb_clean_haddock.pdb	-53.41555
683	18	ranked_18.pdb_clean_haddock.pdb	-53.313171999999994
684	283	ranked_283.pdb_clean_haddock.pdb	-53.25762
685	391	ranked_391.pdb_clean_haddock.pdb	-53.158421
686	269	ranked_269.pdb_clean_haddock.pdb	-53.026712
687	875	ranked_875.pdb_clean_haddock.pdb	-52.99107
688	176	ranked_176.pdb_clean_haddock.pdb	-52.70002
689	447	ranked_447.pdb_clean_haddock.pdb	-52.69188
690	625	ranked_625.pdb_clean_haddock.pdb	-52.581990000000005
691	567	ranked_567.pdb_clean_haddock.pdb	-52.568797
692	9	ranked_9.pdb_clean_haddock.pdb	-52.487087
693	76	ranked_76.pdb_clean_haddock.pdb	-52.394980000000004
694	817	ranked_817.pdb_clean_haddock.pdb	-52.245630000000006
695	163	ranked_163.pdb_clean_haddock.pdb	-52.129450000000006
696	893	ranked_893.pdb_clean_haddock.pdb	-52.11367
697	140	ranked_140.pdb_clean_haddock.pdb	-52.062929999999994
698	276	ranked_276.pdb_clean_haddock.pdb	-51.754031000000005
699	213	ranked_213.pdb_clean_haddock.pdb	-51.58981
700	295	ranked_295.pdb_clean_haddock.pdb	-51.55792
701	103	ranked_103.pdb_clean_haddock.pdb	-51.294990000000006
702	504	ranked_504.pdb_clean_haddock.pdb	-51.25568
703	278	ranked_278.pdb_clean_haddock.pdb	-51.22811
704	267	ranked_267.pdb_clean_haddock.pdb	-50.85342
705	482	ranked_482.pdb_clean_haddock.pdb	-50.722806000000006
706	313	ranked_313.pdb_clean_haddock.pdb	-50.338210000000004
707	151	ranked_151.pdb_clean_haddock.pdb	-49.80456
708	879	ranked_879.pdb_clean_haddock.pdb	-49.3644
709	863	ranked_863.pdb_clean_haddock.pdb	-49.336020000000005
710	185	ranked_185.pdb_clean_haddock.pdb	-49.31876
711	882	ranked_882.pdb_clean_haddock.pdb	-49.1374
712	907	ranked_907.pdb_clean_haddock.pdb	-48.868539999999996
713	790	ranked_790.pdb_clean_haddock.pdb	-48.712
714	570	ranked_570.pdb_clean_haddock.pdb	-48.53912
715	297	ranked_297.pdb_clean_haddock.pdb	-48.46012
716	287	ranked_287.pdb_clean_haddock.pdb	-48.35463
717	743	ranked_743.pdb_clean_haddock.pdb	-48.11065
718	878	ranked_878.pdb_clean_haddock.pdb	-48.07732
719	883	ranked_883.pdb_clean_haddock.pdb	-47.69415
720	126	ranked_126.pdb_clean_haddock.pdb	-47.48641000000001
721	615	ranked_615.pdb_clean_haddock.pdb	-47.447860000000006
722	209	ranked_209.pdb_clean_haddock.pdb	-47.43712
723	473	ranked_473.pdb_clean_haddock.pdb	-47.362719999999996
724	133	ranked_133.pdb_clean_haddock.pdb	-47.22335
725	294	ranked_294.pdb_clean_haddock.pdb	-47.17068999999999
726	866	ranked_866.pdb_clean_haddock.pdb	-47.016223000000004
727	362	ranked_362.pdb_clean_haddock.pdb	-47.015
728	891	ranked_891.pdb_clean_haddock.pdb	-46.83632
729	92	ranked_92.pdb_clean_haddock.pdb	-46.69393
730	78	ranked_78.pdb_clean_haddock.pdb	-46.46177
731	239	ranked_239.pdb_clean_haddock.pdb	-46.445080000000004
732	494	ranked_494.pdb_clean_haddock.pdb	-46.23301
733	460	ranked_460.pdb_clean_haddock.pdb	-46.19526
734	478	ranked_478.pdb_clean_haddock.pdb	-45.96728
735	895	ranked_895.pdb_clean_haddock.pdb	-45.96369
736	481	ranked_481.pdb_clean_haddock.pdb	-45.813739999999996
737	71	ranked_71.pdb_clean_haddock.pdb	-45.47705
738	901	ranked_901.pdb_clean_haddock.pdb	-44.92964
739	80	ranked_80.pdb_clean_haddock.pdb	-44.892649999999996
740	7	ranked_7.pdb_clean_haddock.pdb	-44.81257000000001
741	831	ranked_831.pdb_clean_haddock.pdb	-44.5595
742	488	ranked_488.pdb_clean_haddock.pdb	-44.35519
743	815	ranked_815.pdb_clean_haddock.pdb	-44.139219999999995
744	113	ranked_113.pdb_clean_haddock.pdb	-44.113060000000004
745	351	ranked_351.pdb_clean_haddock.pdb	-43.23928
746	165	ranked_165.pdb_clean_haddock.pdb	-43.21553
747	528	ranked_528.pdb_clean_haddock.pdb	-43.15945000000001
748	773	ranked_773.pdb_clean_haddock.pdb	-42.76982
749	65	ranked_65.pdb_clean_haddock.pdb	-42.22728
750	373	ranked_373.pdb_clean_haddock.pdb	-41.042120000000004
751	300	ranked_300.pdb_clean_haddock.pdb	-40.964411
752	30	ranked_30.pdb_clean_haddock.pdb	-40.959239999999994
753	256	ranked_256.pdb_clean_haddock.pdb	-40.57876
754	364	ranked_364.pdb_clean_haddock.pdb	-40.43283
755	574	ranked_574.pdb_clean_haddock.pdb	-39.91096
756	251	ranked_251.pdb_clean_haddock.pdb	-39.498180000000005
757	241	ranked_241.pdb_clean_haddock.pdb	-39.298820000000006
758	262	ranked_262.pdb_clean_haddock.pdb	-39.23952
759	899	ranked_899.pdb_clean_haddock.pdb	-38.98407
760	512	ranked_512.pdb_clean_haddock.pdb	-38.9166
761	390	ranked_390.pdb_clean_haddock.pdb	-38.869
762	502	ranked_502.pdb_clean_haddock.pdb	-38.86794
763	877	ranked_877.pdb_clean_haddock.pdb	-38.725
764	374	ranked_374.pdb_clean_haddock.pdb	-38.63696
765	243	ranked_243.pdb_clean_haddock.pdb	-38.50298000000001
766	886	ranked_886.pdb_clean_haddock.pdb	-38.13942
767	910	ranked_910.pdb_clean_haddock.pdb	-37.361180000000004
768	456	ranked_456.pdb_clean_haddock.pdb	-37.26784000000001
769	425	ranked_425.pdb_clean_haddock.pdb	-37.25416
770	248	ranked_248.pdb_clean_haddock.pdb	-37.111900000000006
771	898	ranked_898.pdb_clean_haddock.pdb	-36.954570000000004
772	917	ranked_917.pdb_clean_haddock.pdb	-36.94115
773	944	ranked_944.pdb_clean_haddock.pdb	-36.67217
774	887	ranked_887.pdb_clean_haddock.pdb	-36.513510000000004
775	265	ranked_265.pdb_clean_haddock.pdb	-36.4893
776	237	ranked_237.pdb_clean_haddock.pdb	-36.26426
777	292	ranked_292.pdb_clean_haddock.pdb	-35.97556
778	245	ranked_245.pdb_clean_haddock.pdb	-35.939879999999995
779	326	ranked_326.pdb_clean_haddock.pdb	-35.91726
780	272	ranked_272.pdb_clean_haddock.pdb	-35.38244
781	902	ranked_902.pdb_clean_haddock.pdb	-35.22002
782	322	ranked_322.pdb_clean_haddock.pdb	-34.906760000000006
783	885	ranked_885.pdb_clean_haddock.pdb	-34.363910000000004
784	906	ranked_906.pdb_clean_haddock.pdb	-34.01687
785	127	ranked_127.pdb_clean_haddock.pdb	-33.94128
786	913	ranked_913.pdb_clean_haddock.pdb	-33.72018
787	134	ranked_134.pdb_clean_haddock.pdb	-33.682660000000006
788	332	ranked_332.pdb_clean_haddock.pdb	-33.6253
789	73	ranked_73.pdb_clean_haddock.pdb	-33.433539999999994
790	307	ranked_307.pdb_clean_haddock.pdb	-33.23772
791	915	ranked_915.pdb_clean_haddock.pdb	-32.669850000000004
792	342	ranked_342.pdb_clean_haddock.pdb	-32.370200000000004
793	541	ranked_541.pdb_clean_haddock.pdb	-31.910339999999998
794	894	ranked_894.pdb_clean_haddock.pdb	-31.74682
795	890	ranked_890.pdb_clean_haddock.pdb	-31.593649999999997
796	335	ranked_335.pdb_clean_haddock.pdb	-31.49476
797	218	ranked_218.pdb_clean_haddock.pdb	-31.262299999999996
798	888	ranked_888.pdb_clean_haddock.pdb	-30.997820000000004
799	530	ranked_530.pdb_clean_haddock.pdb	-30.814519999999998
800	920	ranked_920.pdb_clean_haddock.pdb	-30.63736
801	114	ranked_114.pdb_clean_haddock.pdb	-30.618859999999998
802	884	ranked_884.pdb_clean_haddock.pdb	-30.465369999999997
803	892	ranked_892.pdb_clean_haddock.pdb	-30.45308
804	44	ranked_44.pdb_clean_haddock.pdb	-30.43676
805	311	ranked_311.pdb_clean_haddock.pdb	-29.60608
806	451	ranked_451.pdb_clean_haddock.pdb	-29.341339999999995
807	64	ranked_64.pdb_clean_haddock.pdb	-28.26528
808	935	ranked_935.pdb_clean_haddock.pdb	-28.26368
809	876	ranked_876.pdb_clean_haddock.pdb	-28.211660000000002
810	347	ranked_347.pdb_clean_haddock.pdb	-27.71316
811	343	ranked_343.pdb_clean_haddock.pdb	-27.426740000000006
812	864	ranked_864.pdb_clean_haddock.pdb	-27.208720000000003
813	927	ranked_927.pdb_clean_haddock.pdb	-26.9323
814	371	ranked_371.pdb_clean_haddock.pdb	-26.783440000000002
815	897	ranked_897.pdb_clean_haddock.pdb	-26.625320000000002
816	368	ranked_368.pdb_clean_haddock.pdb	-26.35932
817	471	ranked_471.pdb_clean_haddock.pdb	-26.29082
818	242	ranked_242.pdb_clean_haddock.pdb	-26.227960000000007
819	207	ranked_207.pdb_clean_haddock.pdb	-25.746439999999996
820	377	ranked_377.pdb_clean_haddock.pdb	-25.60792
821	346	ranked_346.pdb_clean_haddock.pdb	-25.294020000000003
822	206	ranked_206.pdb_clean_haddock.pdb	-25.12654
823	943	ranked_943.pdb_clean_haddock.pdb	-25.109260000000003
824	704	ranked_704.pdb_clean_haddock.pdb	-24.963620000000002
825	4	ranked_4.pdb_clean_haddock.pdb	-24.761740000000003
826	225	ranked_225.pdb_clean_haddock.pdb	-24.13784
827	932	ranked_932.pdb_clean_haddock.pdb	-24.03798
828	896	ranked_896.pdb_clean_haddock.pdb	-23.864180000000005
829	170	ranked_170.pdb_clean_haddock.pdb	-23.54748
830	818	ranked_818.pdb_clean_haddock.pdb	-23.275979999999997
831	436	ranked_436.pdb_clean_haddock.pdb	-23.179100000000002
832	919	ranked_919.pdb_clean_haddock.pdb	-23.10202
833	880	ranked_880.pdb_clean_haddock.pdb	-22.639159999999997
834	900	ranked_900.pdb_clean_haddock.pdb	-22.236880000000003
835	143	ranked_143.pdb_clean_haddock.pdb	-22.05908
836	252	ranked_252.pdb_clean_haddock.pdb	-21.669140000000002
837	956	ranked_956.pdb_clean_haddock.pdb	-21.29042
838	435	ranked_435.pdb_clean_haddock.pdb	-21.279700000000002
839	509	ranked_509.pdb_clean_haddock.pdb	-20.61146
840	872	ranked_872.pdb_clean_haddock.pdb	-19.792640000000002
841	909	ranked_909.pdb_clean_haddock.pdb	-19.405980000000003
842	924	ranked_924.pdb_clean_haddock.pdb	-19.364520000000002
843	630	ranked_630.pdb_clean_haddock.pdb	-18.772499999999997
844	463	ranked_463.pdb_clean_haddock.pdb	-18.462539999999997
845	474	ranked_474.pdb_clean_haddock.pdb	-17.718600000000006
846	939	ranked_939.pdb_clean_haddock.pdb	-17.6353
847	940	ranked_940.pdb_clean_haddock.pdb	-17.233920000000005
848	268	ranked_268.pdb_clean_haddock.pdb	-16.769540000000006
849	889	ranked_889.pdb_clean_haddock.pdb	-16.282960000000003
850	908	ranked_908.pdb_clean_haddock.pdb	-15.575125999999997
851	366	ranked_366.pdb_clean_haddock.pdb	-14.701860000000003
852	911	ranked_911.pdb_clean_haddock.pdb	-13.945899999999998
853	946	ranked_946.pdb_clean_haddock.pdb	-13.40494
854	941	ranked_941.pdb_clean_haddock.pdb	-13.25308
855	210	ranked_210.pdb_clean_haddock.pdb	-13.069460000000007
856	348	ranked_348.pdb_clean_haddock.pdb	-12.663880000000006
857	263	ranked_263.pdb_clean_haddock.pdb	-12.557120000000005
858	838	ranked_838.pdb_clean_haddock.pdb	-12.55068
859	904	ranked_904.pdb_clean_haddock.pdb	-12.40336
860	929	ranked_929.pdb_clean_haddock.pdb	-12.28962
861	259	ranked_259.pdb_clean_haddock.pdb	-11.115580000000001
862	937	ranked_937.pdb_clean_haddock.pdb	-10.812000000000005
863	931	ranked_931.pdb_clean_haddock.pdb	-10.433019999999999
864	93	ranked_93.pdb_clean_haddock.pdb	-9.576360000000001
865	458	ranked_458.pdb_clean_haddock.pdb	-8.992020000000004
866	431	ranked_431.pdb_clean_haddock.pdb	-8.463040000000003
867	925	ranked_925.pdb_clean_haddock.pdb	-7.670820000000006
868	670	ranked_670.pdb_clean_haddock.pdb	-5.3414200000000065
869	964	ranked_964.pdb_clean_haddock.pdb	-4.47016
870	232	ranked_232.pdb_clean_haddock.pdb	-3.9962599999999995
871	916	ranked_916.pdb_clean_haddock.pdb	-3.833660000000002
872	315	ranked_315.pdb_clean_haddock.pdb	-3.5667000000000044
873	224	ranked_224.pdb_clean_haddock.pdb	-3.401980000000002
874	912	ranked_912.pdb_clean_haddock.pdb	-3.164719999999999
875	188	ranked_188.pdb_clean_haddock.pdb	-2.4558199999999957
876	271	ranked_271.pdb_clean_haddock.pdb	-2.179539999999996
877	525	ranked_525.pdb_clean_haddock.pdb	-1.4607000000000028
878	914	ranked_914.pdb_clean_haddock.pdb	0.48863999999999663
879	923	ranked_923.pdb_clean_haddock.pdb	0.7813799999999986
880	192	ranked_192.pdb_clean_haddock.pdb	0.8757199999999941
881	938	ranked_938.pdb_clean_haddock.pdb	0.9847000000000001
882	947	ranked_947.pdb_clean_haddock.pdb	2.3824599999999947
883	928	ranked_928.pdb_clean_haddock.pdb	3.1821800000000025
884	921	ranked_921.pdb_clean_haddock.pdb	3.844939999999994
885	173	ranked_173.pdb_clean_haddock.pdb	3.893419999999999
886	291	ranked_291.pdb_clean_haddock.pdb	6.5895399999999995
887	922	ranked_922.pdb_clean_haddock.pdb	7.742699999999999
888	215	ranked_215.pdb_clean_haddock.pdb	9.070119999999996
889	950	ranked_950.pdb_clean_haddock.pdb	9.243620000000004
890	253	ranked_253.pdb_clean_haddock.pdb	9.9234
891	905	ranked_905.pdb_clean_haddock.pdb	10.749302200000002
892	903	ranked_903.pdb_clean_haddock.pdb	10.848219999999998
893	934	ranked_934.pdb_clean_haddock.pdb	11.70974
894	201	ranked_201.pdb_clean_haddock.pdb	11.806919999999998
895	1	ranked_1.pdb_clean_haddock.pdb	11.875400000000006
896	228	ranked_228.pdb_clean_haddock.pdb	12.449659999999994
897	392	ranked_392.pdb_clean_haddock.pdb	14.403120000000001
898	691	ranked_691.pdb_clean_haddock.pdb	15.357800000000005
899	998	ranked_998.pdb_clean_haddock.pdb	15.926151999999998
900	16	ranked_16.pdb_clean_haddock.pdb	16.592020000000012
901	426	ranked_426.pdb_clean_haddock.pdb	16.841499999999996
902	353	ranked_353.pdb_clean_haddock.pdb	17.00540000000001
903	219	ranked_219.pdb_clean_haddock.pdb	17.575640000000007
904	118	ranked_118.pdb_clean_haddock.pdb	18.00412
905	301	ranked_301.pdb_clean_haddock.pdb	20.03098
906	958	ranked_958.pdb_clean_haddock.pdb	20.79322
907	418	ranked_418.pdb_clean_haddock.pdb	21.143219999999992
908	971	ranked_971.pdb_clean_haddock.pdb	22.59652
909	999	ranked_999.pdb_clean_haddock.pdb	25.72336
910	952	ranked_952.pdb_clean_haddock.pdb	25.994320000000005
911	354	ranked_354.pdb_clean_haddock.pdb	26.621359999999996
912	455	ranked_455.pdb_clean_haddock.pdb	26.885040000000004
913	544	ranked_544.pdb_clean_haddock.pdb	26.902019999999993
914	333	ranked_333.pdb_clean_haddock.pdb	28.63611999999999
915	120	ranked_120.pdb_clean_haddock.pdb	28.81164000000001
916	973	ranked_973.pdb_clean_haddock.pdb	29.003919999999994
917	984	ranked_984.pdb_clean_haddock.pdb	29.7238
918	991	ranked_991.pdb_clean_haddock.pdb	30.92739999999999
919	438	ranked_438.pdb_clean_haddock.pdb	34.244020000000006
920	962	ranked_962.pdb_clean_haddock.pdb	34.29842000000001
921	400	ranked_400.pdb_clean_haddock.pdb	34.763259999999995
922	339	ranked_339.pdb_clean_haddock.pdb	35.07355999999999
923	942	ranked_942.pdb_clean_haddock.pdb	35.093212
924	989	ranked_989.pdb_clean_haddock.pdb	37.35696
925	388	ranked_388.pdb_clean_haddock.pdb	37.36618
926	190	ranked_190.pdb_clean_haddock.pdb	39.49191999999999
927	959	ranked_959.pdb_clean_haddock.pdb	46.18768
928	981	ranked_981.pdb_clean_haddock.pdb	46.51258
929	320	ranked_320.pdb_clean_haddock.pdb	47.838460000000005
930	298	ranked_298.pdb_clean_haddock.pdb	49.50268
931	936	ranked_936.pdb_clean_haddock.pdb	50.5506
932	60	ranked_60.pdb_clean_haddock.pdb	50.55819999999999
933	926	ranked_926.pdb_clean_haddock.pdb	51.66952
934	24	ranked_24.pdb_clean_haddock.pdb	51.77520000000001
935	980	ranked_980.pdb_clean_haddock.pdb	62.4872
936	469	ranked_469.pdb_clean_haddock.pdb	71.76416
937	992	ranked_992.pdb_clean_haddock.pdb	73.05276
938	976	ranked_976.pdb_clean_haddock.pdb	76.52555999999998
939	977	ranked_977.pdb_clean_haddock.pdb	77.16835999999999
940	969	ranked_969.pdb_clean_haddock.pdb	81.01824
941	966	ranked_966.pdb_clean_haddock.pdb	84.40914000000001
942	378	ranked_378.pdb_clean_haddock.pdb	85.92326
943	955	ranked_955.pdb_clean_haddock.pdb	89.5594
944	967	ranked_967.pdb_clean_haddock.pdb	100.05754
945	951	ranked_951.pdb_clean_haddock.pdb	101.60602
946	949	ranked_949.pdb_clean_haddock.pdb	102.23946
947	449	ranked_449.pdb_clean_haddock.pdb	104.17886
948	264	ranked_264.pdb_clean_haddock.pdb	106.74568
949	979	ranked_979.pdb_clean_haddock.pdb	111.27252000000001
950	997	ranked_997.pdb_clean_haddock.pdb	114.50822000000002
951	990	ranked_990.pdb_clean_haddock.pdb	115.32748
952	994	ranked_994.pdb_clean_haddock.pdb	116.48621999999999
953	972	ranked_972.pdb_clean_haddock.pdb	118.91305999999999
954	954	ranked_954.pdb_clean_haddock.pdb	119.85257999999999
955	986	ranked_986.pdb_clean_haddock.pdb	127.60797999999997
956	358	ranked_358.pdb_clean_haddock.pdb	128.07686
957	953	ranked_953.pdb_clean_haddock.pdb	135.39788
958	982	ranked_982.pdb_clean_haddock.pdb	161.63956
959	961	ranked_961.pdb_clean_haddock.pdb	171.90934000000004
960	995	ranked_995.pdb_clean_haddock.pdb	180.52204
961	985	ranked_985.pdb_clean_haddock.pdb	186.30534
962	968	ranked_968.pdb_clean_haddock.pdb	196.36202
963	324	ranked_324.pdb_clean_haddock.pdb	217.42492000000004
964	960	ranked_960.pdb_clean_haddock.pdb	221.73699999999997
965	970	ranked_970.pdb_clean_haddock.pdb	229.35088000000002
966	996	ranked_996.pdb_clean_haddock.pdb	372.25246000000004
967	987	ranked_987.pdb_clean_haddock.pdb	392.85348
968	174	ranked_174.pdb_clean_haddock.pdb	715.23182
969	564	ranked_564.pdb_clean_haddock.pdb	1427.88746
970	385	ranked_385.pdb_clean_haddock.pdb	1433.4854400000002
971	561	ranked_561.pdb_clean_haddock.pdb	1534.79426
972	638	ranked_638.pdb_clean_haddock.pdb	1551.0125
973	703	ranked_703.pdb_clean_haddock.pdb	1629.79602
974	965	ranked_965.pdb_clean_haddock.pdb	1661.86064
975	993	ranked_993.pdb_clean_haddock.pdb	1665.50286
976	576	ranked_576.pdb_clean_haddock.pdb	1679.7303599999998
977	948	ranked_948.pdb_clean_haddock.pdb	1693.17312
978	988	ranked_988.pdb_clean_haddock.pdb	1724.67562
979	317	ranked_317.pdb_clean_haddock.pdb	1808.4653600000001
980	505	ranked_505.pdb_clean_haddock.pdb	1850.3016599999999
981	957	ranked_957.pdb_clean_haddock.pdb	1852.72842
982	465	ranked_465.pdb_clean_haddock.pdb	1853.85704
983	945	ranked_945.pdb_clean_haddock.pdb	2154.5289000000002
984	974	ranked_974.pdb_clean_haddock.pdb	2635.01118
985	975	ranked_975.pdb_clean_haddock.pdb	2652.8529799999997
986	963	ranked_963.pdb_clean_haddock.pdb	2682.9440360000003
987	379	ranked_379.pdb_clean_haddock.pdb	2825.84314
988	978	ranked_978.pdb_clean_haddock.pdb	3036.49732
989	423	ranked_423.pdb_clean_haddock.pdb	3146.60312
990	539	ranked_539.pdb_clean_haddock.pdb	3210.1652799999997
991	983	ranked_983.pdb_clean_haddock.pdb	3418.6038799999997
992	753	ranked_753.pdb_clean_haddock.pdb	2959423.54946
993	75	ranked_75.pdb_clean_haddock.pdb	3225103.72916
994	933	ranked_933.pdb_clean_haddock.pdb	3266868.9367799996
995	477	ranked_477.pdb_clean_haddock.pdb	3274165.0454200003
996	727	ranked_727.pdb_clean_haddock.pdb	3357217.22064
997	123	ranked_123.pdb_clean_haddock.pdb	3435104.3284
998	10	ranked_10.pdb_clean_haddock.pdb	5116856.36366
999	826	ranked_826.pdb_clean_haddock.pdb	7241895.05214
